-86.940786 -86.860965 -86.781165 -86.701386 -86.621629 -86.541893 -86.462178 -86.382486 -86.302815 -86.223167 -86.143541 
-86.951943 -86.872173 -86.792424 -86.712696 -86.632989 -86.553304 -86.473640 -86.393998 -86.314377 -86.234779 -86.155204 
-86.963086 -86.883367 -86.803668 -86.723991 -86.644335 -86.564700 -86.485086 -86.405494 -86.325924 -86.246376 -86.166850 
-86.974214 -86.894545 -86.814898 -86.735271 -86.655665 -86.576080 -86.496517 -86.416975 -86.337455 -86.257957 -86.178481 
-86.985327 -86.905709 -86.826112 -86.746535 -86.666980 -86.587445 -86.507932 -86.428440 -86.348970 -86.269522 -86.190096 
-86.996426 -86.916859 -86.837312 -86.757785 -86.678280 -86.598795 -86.519332 -86.439890 -86.360470 -86.281071 -86.201695 
-87.007511 -86.927993 -86.848497 -86.769020 -86.689565 -86.610130 -86.530717 -86.451325 -86.371954 -86.292605 -86.213278 
-87.018581 -86.939114 -86.859667 -86.780241 -86.700835 -86.621450 -86.542086 -86.462744 -86.383423 -86.304123 -86.224846 
-87.029636 -86.950219 -86.870822 -86.791446 -86.712090 -86.632755 -86.553441 -86.474148 -86.394876 -86.315626 -86.236398 
-87.040678 -86.961311 -86.881964 -86.802637 -86.723331 -86.644045 -86.564780 -86.485537 -86.406315 -86.327114 -86.247934 
-87.051705 -86.972388 -86.893090 -86.813813 -86.734556 -86.655320 -86.576105 -86.496911 -86.417737 -86.338586 -86.259455 


