34.033310 34.022263 34.011164 34.000014 33.988811 33.977557 33.966252 33.954895 33.943487 33.932028 33.920517 
33.977256 33.966216 33.955125 33.943981 33.932787 33.921540 33.910243 33.898894 33.887494 33.876042 33.864540 
33.921201 33.910168 33.899083 33.887948 33.876760 33.865522 33.854232 33.842891 33.831498 33.820055 33.808561 
33.865143 33.854118 33.843041 33.831912 33.820732 33.809501 33.798219 33.786886 33.775501 33.764066 33.752580 
33.809085 33.798066 33.786996 33.775875 33.764703 33.753479 33.742205 33.730879 33.719503 33.708075 33.696597 
33.753024 33.742013 33.730950 33.719837 33.708672 33.697456 33.686189 33.674871 33.663502 33.652083 33.640612 
33.696962 33.685958 33.674903 33.663796 33.652639 33.641430 33.630171 33.618861 33.607500 33.596088 33.584626 
33.640899 33.629902 33.618854 33.607755 33.596604 33.585403 33.574152 33.562849 33.551496 33.540092 33.528638 
33.584834 33.573844 33.562803 33.551711 33.540568 33.529375 33.518131 33.506836 33.495490 33.484094 33.472648 
33.528768 33.517785 33.506751 33.495666 33.484531 33.473345 33.462108 33.450821 33.439483 33.428095 33.416656 
33.472700 33.461724 33.450697 33.439620 33.428491 33.417313 33.406083 33.394804 33.383474 33.372093 33.360663 


